{
  "labels": [
    "网络规模",
    "网络密度",
    "中心势",
    "模块度",
    "高潮位置",
    "渐强指数",
    "做打量",
    "唱腔占比",
    "生占比",
    "旦占比",
    "净占比",
    "丑占比",
    "T2 攻打·出战·部将",
    "T8 杀死·母女·父子",
    "T0 进京·镇守·父子",
    "T3 夫妇·饮酒·不忍"
  ],
  "dims": [
    "关系网络",
    "关系网络",
    "关系网络",
    "关系网络",
    "叙事结构",
    "叙事结构",
    "叙事结构",
    "叙事结构",
    "角色行当",
    "角色行当",
    "角色行当",
    "角色行当",
    "主题表达",
    "主题表达",
    "主题表达",
    "主题表达"
  ],
  "matrix": [
    [
      1.0,
      -0.745,
      0.39,
      0.757,
      -0.027,
      -0.024,
      0.578,
      0.069,
      -0.219,
      -0.239,
      0.29,
      0.079,
      0.081,
      0.012,
      0.056,
      -0.015
    ],
    [
      -0.745,
      1.0,
      -0.757,
      -0.775,
      0.01,
      -0.018,
      -0.509,
      -0.109,
      0.239,
      0.314,
      -0.292,
      -0.097,
      -0.088,
      0.007,
      -0.038,
      0.008
    ],
    [
      0.39,
      -0.757,
      1.0,
      0.42,
      0.024,
      0.058,
      0.332,
      0.062,
      -0.174,
      -0.272,
      0.189,
      0.111,
      0.039,
      0.006,
      0.033,
      -0.023
    ],
    [
      0.757,
      -0.775,
      0.42,
      1.0,
      -0.028,
      0.0,
      0.449,
      0.132,
      -0.135,
      -0.32,
      0.354,
      0.004,
      0.095,
      0.006,
      0.035,
      -0.007
    ],
    [
      -0.027,
      0.01,
      0.024,
      -0.028,
      1.0,
      0.62,
      -0.056,
      0.021,
      -0.034,
      -0.007,
      0.026,
      0.02,
      -0.039,
      0.038,
      -0.017,
      -0.001
    ],
    [
      -0.024,
      -0.018,
      0.058,
      0.0,
      0.62,
      1.0,
      -0.044,
      0.024,
      -0.051,
      -0.013,
      0.032,
      0.039,
      -0.005,
      -0.002,
      0.005,
      -0.011
    ],
    [
      0.578,
      -0.509,
      0.332,
      0.449,
      -0.056,
      -0.044,
      1.0,
      0.032,
      -0.183,
      -0.235,
      0.296,
      -0.027,
      0.061,
      0.03,
      0.063,
      -0.031
    ],
    [
      0.069,
      -0.109,
      0.062,
      0.132,
      0.021,
      0.024,
      0.032,
      1.0,
      0.064,
      -0.091,
      0.01,
      -0.072,
      0.02,
      0.004,
      0.001,
      0.035
    ],
    [
      -0.219,
      0.239,
      -0.174,
      -0.135,
      -0.034,
      -0.051,
      -0.183,
      0.064,
      1.0,
      -0.248,
      -0.207,
      -0.462,
      0.009,
      0.068,
      -0.044,
      0.054
    ],
    [
      -0.239,
      0.314,
      -0.272,
      -0.32,
      -0.007,
      -0.013,
      -0.235,
      -0.091,
      -0.248,
      1.0,
      -0.452,
      -0.074,
      -0.04,
      -0.065,
      -0.082,
      -0.018
    ],
    [
      0.29,
      -0.292,
      0.189,
      0.354,
      0.026,
      0.032,
      0.296,
      0.01,
      -0.207,
      -0.452,
      1.0,
      -0.32,
      0.085,
      0.027,
      0.088,
      0.005
    ],
    [
      0.079,
      -0.097,
      0.111,
      0.004,
      0.02,
      0.039,
      -0.027,
      -0.072,
      -0.462,
      -0.074,
      -0.32,
      1.0,
      -0.036,
      -0.045,
      -0.008,
      -0.049
    ],
    [
      0.081,
      -0.088,
      0.039,
      0.095,
      -0.039,
      -0.005,
      0.061,
      0.02,
      0.009,
      -0.04,
      0.085,
      -0.036,
      1.0,
      -0.126,
      -0.124,
      -0.129
    ],
    [
      0.012,
      0.007,
      0.006,
      0.006,
      0.038,
      -0.002,
      0.03,
      0.004,
      0.068,
      -0.065,
      0.027,
      -0.045,
      -0.126,
      1.0,
      -0.138,
      -0.133
    ],
    [
      0.056,
      -0.038,
      0.033,
      0.035,
      -0.017,
      0.005,
      0.063,
      0.001,
      -0.044,
      -0.082,
      0.088,
      -0.008,
      -0.124,
      -0.138,
      1.0,
      -0.114
    ],
    [
      -0.015,
      0.008,
      -0.023,
      -0.007,
      -0.001,
      -0.011,
      -0.031,
      0.035,
      0.054,
      -0.018,
      0.005,
      -0.049,
      -0.129,
      -0.133,
      -0.114,
      1.0
    ]
  ],
  "sig_matrix": [
    [
      true,
      true,
      true,
      true,
      false,
      false,
      true,
      true,
      true,
      true,
      true,
      true,
      true,
      false,
      false,
      false
    ],
    [
      true,
      true,
      true,
      true,
      false,
      false,
      true,
      true,
      true,
      true,
      true,
      true,
      true,
      false,
      false,
      false
    ],
    [
      true,
      true,
      true,
      true,
      false,
      false,
      true,
      true,
      true,
      true,
      true,
      true,
      false,
      false,
      false,
      false
    ],
    [
      true,
      true,
      true,
      true,
      false,
      false,
      true,
      true,
      true,
      true,
      true,
      false,
      true,
      false,
      false,
      false
    ],
    [
      false,
      false,
      false,
      false,
      true,
      true,
      false,
      false,
      false,
      false,
      false,
      false,
      false,
      false,
      false,
      false
    ],
    [
      false,
      false,
      false,
      false,
      true,
      true,
      false,
      false,
      false,
      false,
      false,
      false,
      false,
      false,
      false,
      false
    ],
    [
      true,
      true,
      true,
      true,
      false,
      false,
      true,
      false,
      true,
      true,
      true,
      false,
      true,
      false,
      true,
      false
    ],
    [
      true,
      true,
      true,
      true,
      false,
      false,
      false,
      true,
      true,
      true,
      false,
      true,
      false,
      false,
      false,
      false
    ],
    [
      true,
      true,
      true,
      true,
      false,
      false,
      true,
      true,
      true,
      true,
      true,
      true,
      false,
      true,
      false,
      false
    ],
    [
      true,
      true,
      true,
      true,
      false,
      false,
      true,
      true,
      true,
      true,
      true,
      true,
      false,
      true,
      true,
      false
    ],
    [
      true,
      true,
      true,
      true,
      false,
      false,
      true,
      false,
      true,
      true,
      true,
      true,
      true,
      false,
      true,
      false
    ],
    [
      true,
      true,
      true,
      false,
      false,
      false,
      false,
      true,
      true,
      true,
      true,
      true,
      false,
      false,
      false,
      false
    ],
    [
      true,
      true,
      false,
      true,
      false,
      false,
      true,
      false,
      false,
      false,
      true,
      false,
      true,
      true,
      true,
      true
    ],
    [
      false,
      false,
      false,
      false,
      false,
      false,
      false,
      false,
      true,
      true,
      false,
      false,
      true,
      true,
      true,
      true
    ],
    [
      false,
      false,
      false,
      false,
      false,
      false,
      true,
      false,
      false,
      true,
      true,
      false,
      true,
      true,
      true,
      true
    ],
    [
      false,
      false,
      false,
      false,
      false,
      false,
      false,
      false,
      false,
      false,
      false,
      false,
      true,
      true,
      true,
      true
    ]
  ],
  "findings": [
    {
      "a": "网络规模",
      "a_dim": "关系网络",
      "b": "做打量",
      "b_dim": "叙事结构",
      "r": 0.578,
      "r_partial": 0.118,
      "p_partial": 0.0,
      "controls": [
        "场次数"
      ],
      "pvalue": 0.0,
      "n": 1419,
      "p_adj": 0.0,
      "significant": true,
      "r2": 0.334,
      "p_adj_partial": 0.0001,
      "robust": true,
      "attenuation": 0.46
    },
    {
      "a": "网络密度",
      "a_dim": "关系网络",
      "b": "做打量",
      "b_dim": "叙事结构",
      "r": -0.509,
      "r_partial": -0.055,
      "p_partial": 0.0383,
      "controls": [
        "网络规模",
        "场次数"
      ],
      "pvalue": 0.0,
      "n": 1419,
      "p_adj": 0.0,
      "significant": true,
      "r2": 0.259,
      "p_adj_partial": 0.1225,
      "robust": false,
      "attenuation": 0.454
    },
    {
      "a": "模块度",
      "a_dim": "关系网络",
      "b": "做打量",
      "b_dim": "叙事结构",
      "r": 0.449,
      "r_partial": 0.024,
      "p_partial": 0.3597,
      "controls": [
        "网络规模",
        "场次数"
      ],
      "pvalue": 0.0,
      "n": 1419,
      "p_adj": 0.0,
      "significant": true,
      "r2": 0.202,
      "p_adj_partial": 0.5812,
      "robust": false,
      "attenuation": 0.425
    },
    {
      "a": "模块度",
      "a_dim": "关系网络",
      "b": "净占比",
      "b_dim": "角色行当",
      "r": 0.354,
      "r_partial": 0.215,
      "p_partial": 0.0,
      "controls": [
        "网络规模",
        "场次数"
      ],
      "pvalue": 0.0,
      "n": 1419,
      "p_adj": 0.0,
      "significant": true,
      "r2": 0.125,
      "p_adj_partial": 0.0,
      "robust": true,
      "attenuation": 0.139
    },
    {
      "a": "中心势",
      "a_dim": "关系网络",
      "b": "做打量",
      "b_dim": "叙事结构",
      "r": 0.332,
      "r_partial": 0.088,
      "p_partial": 0.0009,
      "controls": [
        "网络规模",
        "场次数"
      ],
      "pvalue": 0.0,
      "n": 1419,
      "p_adj": 0.0,
      "significant": true,
      "r2": 0.11,
      "p_adj_partial": 0.0058,
      "robust": true,
      "attenuation": 0.244
    },
    {
      "a": "模块度",
      "a_dim": "关系网络",
      "b": "旦占比",
      "b_dim": "角色行当",
      "r": -0.32,
      "r_partial": -0.219,
      "p_partial": 0.0,
      "controls": [
        "网络规模",
        "场次数"
      ],
      "pvalue": 0.0,
      "n": 1419,
      "p_adj": 0.0,
      "significant": true,
      "r2": 0.102,
      "p_adj_partial": 0.0,
      "robust": true,
      "attenuation": 0.101
    },
    {
      "a": "网络密度",
      "a_dim": "关系网络",
      "b": "旦占比",
      "b_dim": "角色行当",
      "r": 0.314,
      "r_partial": 0.221,
      "p_partial": 0.0,
      "controls": [
        "网络规模",
        "场次数"
      ],
      "pvalue": 0.0,
      "n": 1419,
      "p_adj": 0.0,
      "significant": true,
      "r2": 0.099,
      "p_adj_partial": 0.0,
      "robust": true,
      "attenuation": 0.093
    },
    {
      "a": "做打量",
      "a_dim": "叙事结构",
      "b": "净占比",
      "b_dim": "角色行当",
      "r": 0.296,
      "r_partial": 0.172,
      "p_partial": 0.0,
      "controls": [
        "网络规模",
        "场次数"
      ],
      "pvalue": 0.0,
      "n": 1419,
      "p_adj": 0.0,
      "significant": true,
      "r2": 0.088,
      "p_adj_partial": 0.0,
      "robust": true,
      "attenuation": 0.124
    },
    {
      "a": "网络密度",
      "a_dim": "关系网络",
      "b": "净占比",
      "b_dim": "角色行当",
      "r": -0.292,
      "r_partial": -0.124,
      "p_partial": 0.0,
      "controls": [
        "网络规模",
        "场次数"
      ],
      "pvalue": 0.0,
      "n": 1419,
      "p_adj": 0.0,
      "significant": true,
      "r2": 0.085,
      "p_adj_partial": 0.0,
      "robust": true,
      "attenuation": 0.168
    },
    {
      "a": "网络规模",
      "a_dim": "关系网络",
      "b": "净占比",
      "b_dim": "角色行当",
      "r": 0.29,
      "r_partial": 0.158,
      "p_partial": 0.0,
      "controls": [
        "场次数"
      ],
      "pvalue": 0.0,
      "n": 1419,
      "p_adj": 0.0,
      "significant": true,
      "r2": 0.084,
      "p_adj_partial": 0.0,
      "robust": true,
      "attenuation": 0.132
    }
  ],
  "n_tests": 96,
  "n_significant": 37,
  "n_robust": 26,
  "controls": [
    "网络规模",
    "场次数"
  ],
  "prediction": {
    "target": "叙事弧型",
    "feature_groups": [
      "网络结构(4)",
      "行当占比(4)",
      "主题分布(10)"
    ],
    "n": 947,
    "macro_f1": 0.226,
    "baseline_macro_f1": 0.092,
    "by_class": [
      {
        "arc": "后段高潮式(渐强)",
        "f1": 0.208
      },
      {
        "arc": "结尾陡升式",
        "f1": 0.11
      },
      {
        "arc": "中段高潮式(经典弧线)",
        "f1": 0.11
      },
      {
        "arc": "平稳铺陈式",
        "f1": 0.538
      },
      {
        "arc": "前段高潮式(先声夺人)",
        "f1": 0.166
      }
    ]
  }
}